<svg width="20" height="16" viewBox="0 0 20 16" fill="none" xmlns="http://www.w3.org/2000/svg">
<path d="M14.6 6.5V6.9C14.6 9.8 12.3 12.1 9.39999 12.1H6.8C6.3 12.1 5.8 12 5.3 11.9C5 11.8 4.8 11.7 4.5 11.6L3.8 11.8L1.39999 12.5L2 10L2.2 9.2C2.1 9.1 2 8.9 2 8.7C1.8 8.1 1.7 7.5 1.7 6.8V6.4C1.7 3.5 3.99999 1.2 6.89999 1.2H9.5C11.2 1.2 12.7 2 13.7 3.3C14.2 4.3 14.6 5.3 14.6 6.5Z" stroke="black" stroke-miterlimit="10" stroke-linecap="round" stroke-linejoin="round"/>
<path d="M10.2 7.4C10.4761 7.4 10.7 7.17614 10.7 6.9C10.7 6.62386 10.4761 6.4 10.2 6.4C9.92385 6.4 9.7 6.62386 9.7 6.9C9.7 7.17614 9.92385 7.4 10.2 7.4Z" stroke="black" stroke-miterlimit="10" stroke-linecap="round" stroke-linejoin="round"/>
<path d="M8 7.4C8.27614 7.4 8.5 7.17614 8.5 6.9C8.5 6.62386 8.27614 6.4 8 6.4C7.72386 6.4 7.5 6.62386 7.5 6.9C7.5 7.17614 7.72386 7.4 8 7.4Z" stroke="black" stroke-miterlimit="10" stroke-linecap="round" stroke-linejoin="round"/>
<path d="M5.89999 7.4C6.17614 7.4 6.39999 7.17614 6.39999 6.9C6.39999 6.62386 6.17614 6.4 5.89999 6.4C5.62385 6.4 5.39999 6.62386 5.39999 6.9C5.39999 7.17614 5.62385 7.4 5.89999 7.4Z" stroke="black" stroke-miterlimit="10" stroke-linecap="round" stroke-linejoin="round"/>
<path d="M19.4 14.6L17 13.9L16.3 13.7C16 13.8 15.8 13.9 15.5 14C15 14.2 14.5 14.2 14 14.2H11.4C9.69999 14.2 8.2 13.4 7.2 12.1H9.39999C12.3 12.1 14.6 9.8 14.6 6.9V6.5C14.6 5.3 14.2 4.3 13.6 3.4H14C16.9 3.4 19.2 5.7 19.2 8.6V9C19.2 9.6 19.1 10.3 18.9 10.8C18.8 11 18.8 11.1 18.7 11.3L18.9 12.1L19.4 14.6Z" stroke="black" stroke-miterlimit="10" stroke-linecap="round" stroke-linejoin="round"/>
<path d="M5.89999 7.4C6.17614 7.4 6.39999 7.17614 6.39999 6.9C6.39999 6.62386 6.17614 6.4 5.89999 6.4C5.62385 6.4 5.39999 6.62386 5.39999 6.9C5.39999 7.17614 5.62385 7.4 5.89999 7.4Z" stroke="black" stroke-miterlimit="10" stroke-linecap="round" stroke-linejoin="round"/>
<path d="M8 7.4C8.27614 7.4 8.5 7.17614 8.5 6.9C8.5 6.62386 8.27614 6.4 8 6.4C7.72386 6.4 7.5 6.62386 7.5 6.9C7.5 7.17614 7.72386 7.4 8 7.4Z" stroke="black" stroke-miterlimit="10" stroke-linecap="round" stroke-linejoin="round"/>
<path d="M10.2 7.4C10.4761 7.4 10.7 7.17614 10.7 6.9C10.7 6.62386 10.4761 6.4 10.2 6.4C9.92385 6.4 9.7 6.62386 9.7 6.9C9.7 7.17614 9.92385 7.4 10.2 7.4Z" stroke="black" stroke-miterlimit="10" stroke-linecap="round" stroke-linejoin="round"/>
</svg>
